             SUSPECT2.4 OUTPUT: MSUGRA CASE
             ------------------------------

Input values:
-------------
  m_0        m_1/2      A_0        tan(beta)  sign(mu)
  433.0      970.0     -3020.      14.00      1.000    

  M_top      mb_mb      M_tau      1/alpha    sw**2(M_Z)   alpha_S
  173.3      4.250      1.777      128.00     0.2221       0.1185    

  M_GUT      M_EWSB     E_LOW       (input or ouput scales)
 0.1489E+17  1247.      91.19    

Fermion masses and gauge couplings: Q=HIGH/EWSB
---------------------------------------------
  M_top      M_bot      M_tau        g1         g2         g3
  69.76     0.9611      1.332     0.7051     0.7051     0.7004    
  142.6      2.241      1.777     0.4680     0.6381      1.039    

mu parameter and soft terms at M_EWSB:
--------------------------------------
  mu         B          M^2_Hu       M^2_Hd
  1845.      147.0    -0.3372E+07   0.1966E+06

  M_1        M_2        M_3
  419.3      767.6      2101.    

  m_tauR     m_tauL     m_bR       m_tR       m_QL
  423.4      725.4      1802.      1012.      1570.    

  m_eR       m_eL       m_dR       m_uR       m_qL
  560.4      770.1      1860.      1869.      1943.    

  Atau       Abottom    Atop       Al         Ad         Au
 -3459.     -5008.     -2780.     -3515.     -5531.     -4189.    

Mass matrices and mixing angles:
--------------------------------
  tan(beta)  alpha_(h,H)
  13.50    -0.7440E-01

  thet_tau    thet_b           thet_t
  1.428     0.8585E-01  1.306    

  Z(i,j)
  0.9996     -0.1976E-02  0.2586E-01 -0.7662E-02
  0.3556E-02  0.9982     -0.5342E-01  0.2615E-01
  0.1282E-01 -0.1934E-01 -0.7066     -0.7072    
  0.2354E-01 -0.5632E-01 -0.7051      0.7065    

  U(i,j)                  V(i,j)
 -0.9971      0.7562E-01 -0.9993      0.3702E-01
  0.7562E-01  0.9971      0.3702E-01  0.9993    

Final Higgs and SUSY particle masses: 
------------------------------------- 
  h           H           A           H+
  124.15      1904.6      1905.9      1907.7    

  chi+_1     chi+_2     chi0_1     chi0_2     chi0_3     chi0_4
  790.6      1839.      416.9      790.6     -1836.      1838.    

  gluino
  2131.    

  stop_1     stop_2     sup_1      sup_2
  977.0      1635.      1980.      1907.    

  sbot_1     sbot_2     sdown_1    sdown_2
  1608.      1843.      1982.      1898.    

  stau_1     stau_2     snutau     selec_1    selec_2    snuelec
  417.0      731.8      722.7      771.4      562.1      767.5    

Low-energy/LEP precision parameter values:
 Delta_rho   g_mu -2   Br(b->s gamma)
 0.1837E-03 0.2510E-09 0.3114E-03
Fine-tuning values for info: fine-tuned if >>1
dmZ^2/mZ^2(mu^2) dmZ^2/mZ^2(B.mu) dmt/mt(mu)     dmt/mt(B.mu)
  835.4      8.939      417.7      4.464    

Warning/Error Flags: errmess(1)-(10):
-------------------------------------
   0. 0. 0. 0. 0. 0. 0. 0. 0. 0.
---------------------------------
errmess(i)= 0: Everything is fine.
errmess(1)=-1: tachyon 3rd gen. sfermion from RGE
errmess(2)=-1: tachyon 1,2 gen. sfermion from RGE
errmess(3)=-1: tachyon A    (maybe temporary: see final mass) 
errmess(4)=-1: tachyon 3rd gen. sfermion from mixing
errmess(5)=-1: mu unstable after many iter
errmess(6)=-1: non-convergent mu from EWSB 
errmess(7)=-1: EWSB maybe inconsistent        (!but RG-improved only check)
errmess(8)=-1: V_eff maybe UFB or CCB         (!but RG-improved only check)
errmess(9)=-1: Higgs boson masses are NaN 
errmess(10)=-1: RGE problems (non-pert and/or Landau poles)
